[DEta], [0.5]

=== Pair Type: Del ===
Centrality, ChiMax2, LambdaCPA, LambdaDCABetwDaughters, LambdaDaughtersDCA, LambdaDaughtersNClus, LambdaDaughtersNSigma, LambdaRatioCrossFind, NSigmaRMS, Nhits80, PileUp, ProtonDCA, RatioToLambdaLambda, TrackDCA, Vz
--- Delta contributions ---
0-10%, 0.0003, 0.0252, 0.0607, 0.3292, 0.0302, 0.0669, 0.0109, 0.0228, 0.0018, 0.0575, 0.0001, 0.3941, 0.0000, 0.0002
10-20%, 0.0106, 0.2114, 0.0343, 0.0236, 0.0053, 0.1624, 0.0001, 0.0420, 0.0146, 0.0531, 0.0121, 0.4305, 0.0000, 0.0000
20-30%, 0.0001, 0.0665, 0.0237, 0.4576, 0.0047, 0.0815, 0.0049, 0.0239, 0.0022, 0.0085, 0.0001, 0.2641, 0.0000, 0.0622
30-40%, 0.0001, 0.0980, 0.0559, 0.2685, 0.0270, 0.0435, 0.0024, 0.0213, 0.0007, 0.1146, 0.0048, 0.3613, 0.0000, 0.0020
40-50%, 0.0003, 0.2274, 0.0135, 0.0195, 0.0000, 0.0610, 0.0015, 0.0029, 0.0077, 0.0511, 0.0001, 0.6100, 0.0000, 0.0050
50-60%, 0.0001, 0.0001, 0.0580, 0.0228, 0.0037, 0.0656, 0.0000, 0.0047, 0.0001, 0.5526, 0.0000, 0.2390, 0.0000, 0.0533
60-70%, 0.0000, 0.0000, 0.0000, 0.0000, 0.0000, 0.0000, 0.0000, 0.0000, 0.0000, 1.0000, 0.0000, 0.0000, 0.0000, 0.0000

--- Gamma contributions ---
0-10%, 0.2358, 0.0004, 0.3612, 0.0541, 0.1368, 0.0168, 0.0575, 0.0238, 0.0036, 0.0486, 0.0024, 0.0023, 0.0000, 0.0566
10-20%, 0.0009, 0.0142, 0.0036, 0.8300, 0.0091, 0.0034, 0.0008, 0.0044, 0.0232, 0.0149, 0.0181, 0.0019, 0.0000, 0.0756
20-30%, 0.0026, 0.0174, 0.0951, 0.3852, 0.0200, 0.2779, 0.0001, 0.0307, 0.0024, 0.1338, 0.0042, 0.0006, 0.0000, 0.0299
30-40%, 0.0229, 0.1172, 0.1079, 0.1916, 0.0209, 0.0693, 0.0134, 0.1493, 0.0055, 0.2422, 0.0036, 0.0286, 0.0000, 0.0276
40-50%, 0.0290, 0.0007, 0.0827, 0.0409, 0.0006, 0.0000, 0.0225, 0.0105, 0.0276, 0.7446, 0.0012, 0.0349, 0.0000, 0.0049
50-60%, 0.1325, 0.0385, 0.2795, 0.0007, 0.0537, 0.0116, 0.0691, 0.1764, 0.0597, 0.0057, 0.0072, 0.0000, 0.0000, 0.1654
60-70%, 0.0000, 0.0000, 0.0000, 0.0001, 0.0000, 0.0000, 0.0000, 0.0000, 0.0000, 0.9999, 0.0000, 0.0000, 0.0000, 0.0000

=== Pair Type: OS ===
Centrality, ChiMax2, LambdaCPA, LambdaDCABetwDaughters, LambdaDaughtersDCA, LambdaDaughtersNClus, LambdaDaughtersNSigma, LambdaRatioCrossFind, NSigmaRMS, Nhits80, PileUp, ProtonDCA, RatioToLambdaLambda, TrackDCA, Vz
--- Delta contributions ---
0-10%, 0.0016, 0.1291, 0.5319, 0.1233, 0.0187, 0.0369, 0.1489, 0.0006, 0.0000, 0.0000, 0.0027, 0.0037, 0.0000, 0.0025
10-20%, 0.0018, 0.0490, 0.3563, 0.4697, 0.0023, 0.0034, 0.0996, 0.0014, 0.0000, 0.0015, 0.0075, 0.0069, 0.0000, 0.0008
20-30%, 0.0002, 0.0133, 0.3978, 0.4496, 0.0005, 0.0307, 0.0693, 0.0005, 0.0001, 0.0111, 0.0111, 0.0109, 0.0000, 0.0050
30-40%, 0.0001, 0.0061, 0.2425, 0.5499, 0.0030, 0.0000, 0.1495, 0.0097, 0.0001, 0.0050, 0.0085, 0.0251, 0.0000, 0.0005
40-50%, 0.0000, 0.0000, 0.0698, 0.7270, 0.0008, 0.0002, 0.1317, 0.0096, 0.0021, 0.0020, 0.0043, 0.0511, 0.0000, 0.0014
50-60%, 0.0001, 0.0016, 0.2858, 0.1022, 0.0005, 0.0119, 0.0621, 0.0078, 0.0038, 0.3382, 0.0123, 0.1014, 0.0000, 0.0722
60-70%, 0.0000, 0.0000, 0.0000, 0.0000, 0.0000, 0.0000, 0.0000, 0.0000, 0.0000, 1.0000, 0.0000, 0.0000, 0.0000, 0.0000

--- Gamma contributions ---
0-10%, 0.3880, 0.0036, 0.0685, 0.0722, 0.0602, 0.0731, 0.0485, 0.0039, 0.2529, 0.0059, 0.0000, 0.0010, 0.0000, 0.0222
10-20%, 0.0244, 0.0450, 0.3937, 0.3721, 0.0011, 0.0179, 0.0236, 0.0057, 0.0437, 0.0008, 0.0458, 0.0031, 0.0000, 0.0232
20-30%, 0.0000, 0.0160, 0.1200, 0.7037, 0.0014, 0.0660, 0.0399, 0.0143, 0.0010, 0.0014, 0.0015, 0.0016, 0.0000, 0.0332
30-40%, 0.0181, 0.0000, 0.0226, 0.7010, 0.0118, 0.0559, 0.1178, 0.0129, 0.0098, 0.0418, 0.0046, 0.0000, 0.0000, 0.0037
40-50%, 0.0460, 0.0026, 0.0612, 0.2106, 0.0001, 0.0164, 0.0088, 0.0116, 0.0789, 0.5579, 0.0002, 0.0009, 0.0000, 0.0047
50-60%, 0.0005, 0.0102, 0.2670, 0.2132, 0.0020, 0.0746, 0.0472, 0.3284, 0.0111, 0.0223, 0.0029, 0.0049, 0.0000, 0.0157
60-70%, 0.0000, 0.0000, 0.0000, 0.0001, 0.0000, 0.0000, 0.0000, 0.0000, 0.0000, 0.9999, 0.0000, 0.0000, 0.0000, 0.0000

=== Pair Type: SS ===
Centrality, ChiMax2, LambdaCPA, LambdaDCABetwDaughters, LambdaDaughtersDCA, LambdaDaughtersNClus, LambdaDaughtersNSigma, LambdaRatioCrossFind, NSigmaRMS, Nhits80, PileUp, ProtonDCA, RatioToLambdaLambda, TrackDCA, Vz
--- Delta contributions ---
0-10%, 0.0018, 0.1418, 0.4106, 0.2105, 0.0085, 0.0572, 0.1522, 0.0032, 0.0001, 0.0027, 0.0027, 0.0062, 0.0000, 0.0026
10-20%, 0.0002, 0.1143, 0.2680, 0.4838, 0.0006, 0.0280, 0.0887, 0.0005, 0.0013, 0.0008, 0.0027, 0.0105, 0.0000, 0.0006
20-30%, 0.0002, 0.0384, 0.2068, 0.6637, 0.0001, 0.0009, 0.0589, 0.0062, 0.0002, 0.0025, 0.0067, 0.0138, 0.0000, 0.0016
30-40%, 0.0001, 0.0398, 0.2152, 0.5972, 0.0013, 0.0091, 0.0910, 0.0000, 0.0000, 0.0108, 0.0096, 0.0258, 0.0000, 0.0000
40-50%, 0.0002, 0.0945, 0.1118, 0.5532, 0.0007, 0.0219, 0.1089, 0.0037, 0.0002, 0.0106, 0.0052, 0.0822, 0.0000, 0.0069
50-60%, 0.0008, 0.0007, 0.0430, 0.0124, 0.0179, 0.1070, 0.0896, 0.0520, 0.0032, 0.4016, 0.0201, 0.2433, 0.0000, 0.0084
60-70%, 0.0000, 0.0001, 0.0003, 0.0000, 0.0000, 0.0002, 0.0001, 0.0002, 0.0000, 0.9986, 0.0000, 0.0003, 0.0000, 0.0000

--- Gamma contributions ---
0-10%, 0.1281, 0.0026, 0.4440, 0.0195, 0.0007, 0.0430, 0.0069, 0.0010, 0.2518, 0.0035, 0.0015, 0.0000, 0.0000, 0.0976
10-20%, 0.0172, 0.0783, 0.0894, 0.6446, 0.0106, 0.0239, 0.0166, 0.0169, 0.0049, 0.0194, 0.0020, 0.0078, 0.0000, 0.0683
20-30%, 0.0004, 0.0009, 0.1435, 0.7417, 0.0013, 0.0030, 0.0183, 0.0260, 0.0000, 0.0186, 0.0031, 0.0015, 0.0000, 0.0416
30-40%, 0.0000, 0.1246, 0.2783, 0.3207, 0.0003, 0.0002, 0.0894, 0.0704, 0.0019, 0.0701, 0.0004, 0.0337, 0.0000, 0.0098
40-50%, 0.0046, 0.0011, 0.0009, 0.6762, 0.0016, 0.0266, 0.0887, 0.0670, 0.0246, 0.0075, 0.0036, 0.0683, 0.0000, 0.0291
50-60%, 0.0911, 0.0078, 0.5751, 0.0806, 0.0235, 0.0091, 0.0041, 0.0022, 0.0152, 0.0250, 0.0010, 0.0024, 0.0000, 0.1629
60-70%, 0.0000, 0.0000, 0.0001, 0.0000, 0.0000, 0.0000, 0.0000, 0.0000, 0.0000, 0.9999, 0.0000, 0.0000, 0.0000, 0.0000


[DEta], [1.5]

=== Pair Type: Del ===
Centrality, ChiMax2, LambdaCPA, LambdaDCABetwDaughters, LambdaDaughtersDCA, LambdaDaughtersNClus, LambdaDaughtersNSigma, LambdaRatioCrossFind, NSigmaRMS, Nhits80, PileUp, ProtonDCA, RatioToLambdaLambda, TrackDCA, Vz
--- Delta contributions ---
0-10%, 0.0002, 0.0329, 0.0033, 0.5942, 0.0000, 0.0316, 0.0016, 0.0415, 0.0717, 0.0417, 0.0069, 0.0000, 0.0000, 0.1743
10-20%, 0.0007, 0.2539, 0.2990, 0.2382, 0.0000, 0.0010, 0.0096, 0.0002, 0.0003, 0.0018, 0.0044, 0.0000, 0.0000, 0.1908
20-30%, 0.0007, 0.0794, 0.0447, 0.0060, 0.0000, 0.1947, 0.0810, 0.0086, 0.0085, 0.1182, 0.0361, 0.0000, 0.0000, 0.4221
30-40%, 0.0015, 0.0093, 0.0802, 0.2294, 0.0000, 0.0321, 0.0103, 0.0141, 0.0760, 0.5357, 0.0002, 0.0000, 0.0000, 0.0114
40-50%, 0.0000, 0.0005, 0.0954, 0.7004, 0.0000, 0.0085, 0.0057, 0.0000, 0.0071, 0.0774, 0.0014, 0.0000, 0.0000, 0.1036
50-60%, 0.0002, 0.0308, 0.0380, 0.6397, 0.0000, 0.0137, 0.0001, 0.0010, 0.0002, 0.2457, 0.0001, 0.0000, 0.0000, 0.0306
60-70%, 0.0000, 0.0000, 0.0000, 0.0000, 0.0000, 0.0000, 0.0000, 0.0000, 0.0000, 1.0000, 0.0000, 0.0000, 0.0000, 0.0000

--- Gamma contributions ---
0-10%, 0.0062, 0.1707, 0.0278, 0.0683, 0.3818, 0.0674, 0.0004, 0.1923, 0.0074, 0.0755, 0.0000, 0.0000, 0.0000, 0.0022
10-20%, 0.0000, 0.0077, 0.0340, 0.5170, 0.0018, 0.0262, 0.0006, 0.0939, 0.0062, 0.0212, 0.0000, 0.0000, 0.0000, 0.2913
20-30%, 0.0278, 0.0002, 0.1574, 0.4537, 0.0404, 0.1791, 0.0192, 0.0089, 0.0654, 0.0404, 0.0000, 0.0000, 0.0000, 0.0074
30-40%, 0.0470, 0.0450, 0.0288, 0.0091, 0.0002, 0.3671, 0.0512, 0.2772, 0.1260, 0.0346, 0.0000, 0.0000, 0.0000, 0.0137
40-50%, 0.1081, 0.0005, 0.0011, 0.0493, 0.0249, 0.0077, 0.0003, 0.0101, 0.1620, 0.5162, 0.0000, 0.0000, 0.0000, 0.1198
50-60%, 0.0047, 0.0249, 0.0152, 0.7147, 0.0003, 0.0016, 0.0294, 0.0445, 0.0014, 0.1601, 0.0000, 0.0000, 0.0000, 0.0032
60-70%, 0.0000, 0.0000, 0.0001, 0.0000, 0.0000, 0.0000, 0.0000, 0.0000, 0.0000, 0.9999, 0.0000, 0.0000, 0.0000, 0.0000

=== Pair Type: OS ===
Centrality, ChiMax2, LambdaCPA, LambdaDCABetwDaughters, LambdaDaughtersDCA, LambdaDaughtersNClus, LambdaDaughtersNSigma, LambdaRatioCrossFind, NSigmaRMS, Nhits80, PileUp, ProtonDCA, RatioToLambdaLambda, TrackDCA, Vz
--- Delta contributions ---
0-10%, 0.0000, 0.0275, 0.0588, 0.2635, 0.0000, 0.0093, 0.6051, 0.0007, 0.0044, 0.0001, 0.0040, 0.0000, 0.0000, 0.0267
10-20%, 0.0005, 0.0020, 0.2779, 0.1712, 0.0000, 0.0042, 0.5000, 0.0006, 0.0000, 0.0042, 0.0260, 0.0000, 0.0000, 0.0134
20-30%, 0.0000, 0.0053, 0.0818, 0.5147, 0.0000, 0.0002, 0.2949, 0.0306, 0.0016, 0.0003, 0.0183, 0.0000, 0.0000, 0.0523
30-40%, 0.0000, 0.0047, 0.1988, 0.2163, 0.0000, 0.0001, 0.5214, 0.0098, 0.0040, 0.0211, 0.0085, 0.0000, 0.0000, 0.0153
40-50%, 0.0000, 0.0013, 0.0795, 0.4755, 0.0000, 0.0004, 0.4027, 0.0040, 0.0015, 0.0225, 0.0101, 0.0000, 0.0000, 0.0026
50-60%, 0.0006, 0.0003, 0.0255, 0.8734, 0.0000, 0.0163, 0.0253, 0.0137, 0.0057, 0.0024, 0.0000, 0.0000, 0.0000, 0.0368
60-70%, 0.0000, 0.0000, 0.0000, 0.0000, 0.0000, 0.0000, 0.0000, 0.0000, 0.0000, 1.0000, 0.0000, 0.0000, 0.0000, 0.0000

--- Gamma contributions ---
0-10%, 0.0019, 0.2560, 0.0842, 0.2968, 0.0393, 0.0180, 0.0189, 0.0092, 0.0028, 0.0552, 0.0000, 0.0000, 0.0000, 0.2178
10-20%, 0.0515, 0.0372, 0.2250, 0.4729, 0.0074, 0.0005, 0.0557, 0.0245, 0.0291, 0.0226, 0.0000, 0.0000, 0.0000, 0.0736
20-30%, 0.0000, 0.0001, 0.5116, 0.2849, 0.0222, 0.0397, 0.0016, 0.0841, 0.0169, 0.0199, 0.0000, 0.0000, 0.0000, 0.0191
30-40%, 0.0024, 0.0181, 0.1101, 0.1064, 0.0002, 0.2464, 0.2783, 0.0586, 0.0293, 0.1402, 0.0000, 0.0000, 0.0000, 0.0100
40-50%, 0.0011, 0.0268, 0.1196, 0.1552, 0.0048, 0.0076, 0.1007, 0.0330, 0.0442, 0.5061, 0.0000, 0.0000, 0.0000, 0.0008
50-60%, 0.1446, 0.0285, 0.0079, 0.0585, 0.0046, 0.0000, 0.0227, 0.3763, 0.0033, 0.1011, 0.0000, 0.0000, 0.0000, 0.2525
60-70%, 0.0000, 0.0000, 0.0000, 0.0000, 0.0000, 0.0000, 0.0000, 0.0000, 0.0000, 1.0000, 0.0000, 0.0000, 0.0000, 0.0000

=== Pair Type: SS ===
Centrality, ChiMax2, LambdaCPA, LambdaDCABetwDaughters, LambdaDaughtersDCA, LambdaDaughtersNClus, LambdaDaughtersNSigma, LambdaRatioCrossFind, NSigmaRMS, Nhits80, PileUp, ProtonDCA, RatioToLambdaLambda, TrackDCA, Vz
--- Delta contributions ---
0-10%, 0.0000, 0.0139, 0.0861, 0.0818, 0.0000, 0.0017, 0.7862, 0.0112, 0.0007, 0.0074, 0.0103, 0.0000, 0.0000, 0.0007
10-20%, 0.0000, 0.2634, 0.0231, 0.0043, 0.0000, 0.0118, 0.6113, 0.0003, 0.0001, 0.0017, 0.0191, 0.0000, 0.0000, 0.0649
20-30%, 0.0000, 0.0014, 0.0388, 0.4479, 0.0000, 0.0240, 0.4082, 0.0181, 0.0055, 0.0131, 0.0420, 0.0000, 0.0000, 0.0008
30-40%, 0.0006, 0.0173, 0.1487, 0.0944, 0.0000, 0.0113, 0.6553, 0.0032, 0.0046, 0.0424, 0.0136, 0.0000, 0.0000, 0.0086
40-50%, 0.0000, 0.0054, 0.0022, 0.0477, 0.0000, 0.0090, 0.4779, 0.0064, 0.0037, 0.2957, 0.0298, 0.0000, 0.0000, 0.1222
50-60%, 0.0000, 0.0784, 0.0314, 0.2110, 0.0000, 0.0058, 0.0275, 0.0034, 0.0021, 0.6274, 0.0003, 0.0000, 0.0000, 0.0127
60-70%, 0.0000, 0.0004, 0.0004, 0.0000, 0.0000, 0.0006, 0.0000, 0.0000, 0.0000, 0.9982, 0.0003, 0.0000, 0.0000, 0.0002

--- Gamma contributions ---
0-10%, 0.0153, 0.0048, 0.2091, 0.0698, 0.1976, 0.0187, 0.0133, 0.2997, 0.0014, 0.0029, 0.0000, 0.0000, 0.0000, 0.1676
10-20%, 0.0638, 0.0096, 0.0814, 0.0478, 0.0016, 0.0401, 0.0933, 0.3700, 0.0936, 0.0010, 0.0000, 0.0000, 0.0000, 0.1978
20-30%, 0.0707, 0.0011, 0.0783, 0.1621, 0.0178, 0.1837, 0.0764, 0.0491, 0.0609, 0.2579, 0.0404, 0.0000, 0.0000, 0.0015
30-40%, 0.0432, 0.0076, 0.4308, 0.0993, 0.0000, 0.0100, 0.1759, 0.1151, 0.0475, 0.0706, 0.0000, 0.0000, 0.0000, 0.0002
40-50%, 0.1073, 0.0294, 0.0762, 0.3552, 0.0120, 0.0303, 0.0720, 0.0746, 0.0616, 0.0197, 0.0000, 0.0000, 0.0000, 0.1618
50-60%, 0.0878, 0.0587, 0.0264, 0.3418, 0.0033, 0.0014, 0.0031, 0.3195, 0.0047, 0.0225, 0.0000, 0.0000, 0.0000, 0.1308
60-70%, 0.0000, 0.0000, 0.0002, 0.0001, 0.0000, 0.0000, 0.0000, 0.0000, 0.0001, 0.9995, 0.0000, 0.0000, 0.0000, 0.0001


[Intg], [0.5]

=== Pair Type: Del ===
Centrality, ChiMax2, LambdaCPA, LambdaDCABetwDaughters, LambdaDaughtersDCA, LambdaDaughtersNClus, LambdaDaughtersNSigma, LambdaRatioCrossFind, NSigmaRMS, Nhits80, PileUp, ProtonDCA, RatioToLambdaLambda, TrackDCA, Vz
--- Delta contributions ---
0-10%, 0.0000, 0.0207, 0.0303, 0.0083, 0.0000, 0.3380, 0.0261, 0.0121, 0.0000, 0.3613, 0.0310, 0.0000, 0.0000, 0.1722
10-20%, 0.0000, 0.4377, 0.2483, 0.0492, 0.0000, 0.0924, 0.0061, 0.0243, 0.0000, 0.0379, 0.0140, 0.0000, 0.0000, 0.0902
20-30%, 0.0000, 0.1586, 0.0638, 0.6117, 0.0000, 0.0325, 0.0304, 0.0423, 0.0000, 0.0525, 0.0035, 0.0000, 0.0000, 0.0046
30-40%, 0.0000, 0.1667, 0.0326, 0.1986, 0.0000, 0.0980, 0.0004, 0.0464, 0.0000, 0.4484, 0.0083, 0.0000, 0.0000, 0.0007
40-50%, 0.0000, 0.2113, 0.0109, 0.4896, 0.0000, 0.0850, 0.0076, 0.0019, 0.0000, 0.1635, 0.0013, 0.0000, 0.0000, 0.0288
50-60%, 0.0000, 0.0125, 0.0681, 0.3221, 0.0000, 0.0486, 0.0000, 0.0004, 0.0000, 0.5468, 0.0000, 0.0000, 0.0000, 0.0015
60-70%, 0.0000, 0.0000, 0.0000, 0.0000, 0.0000, 0.0000, 0.0000, 0.0000, 0.0000, 1.0000, 0.0000, 0.0000, 0.0000, 0.0000

--- Gamma contributions ---
0-10%, 0.0754, 0.0380, 0.1643, 0.1491, 0.4007, 0.0478, 0.0487, 0.0403, 0.0041, 0.0048, 0.0016, 0.0000, 0.0000, 0.0250
10-20%, 0.0022, 0.0101, 0.0426, 0.6500, 0.0137, 0.0002, 0.0035, 0.0903, 0.0701, 0.0575, 0.0579, 0.0000, 0.0000, 0.0019
20-30%, 0.0114, 0.0073, 0.0057, 0.0028, 0.0741, 0.5633, 0.0103, 0.0469, 0.0572, 0.2098, 0.0067, 0.0000, 0.0000, 0.0045
30-40%, 0.0015, 0.0456, 0.1498, 0.1272, 0.0204, 0.2868, 0.0470, 0.0101, 0.0107, 0.2925, 0.0004, 0.0000, 0.0000, 0.0083
40-50%, 0.0004, 0.0010, 0.0384, 0.0567, 0.0024, 0.0013, 0.0100, 0.0010, 0.0026, 0.8465, 0.0007, 0.0000, 0.0000, 0.0389
50-60%, 0.1125, 0.0581, 0.2368, 0.2048, 0.0314, 0.0057, 0.0934, 0.0591, 0.0492, 0.0191, 0.0058, 0.0000, 0.0000, 0.1241
60-70%, 0.0000, 0.0000, 0.0000, 0.0001, 0.0000, 0.0000, 0.0000, 0.0000, 0.0000, 0.9999, 0.0000, 0.0000, 0.0000, 0.0000

=== Pair Type: OS ===
Centrality, ChiMax2, LambdaCPA, LambdaDCABetwDaughters, LambdaDaughtersDCA, LambdaDaughtersNClus, LambdaDaughtersNSigma, LambdaRatioCrossFind, NSigmaRMS, Nhits80, PileUp, ProtonDCA, RatioToLambdaLambda, TrackDCA, Vz
--- Delta contributions ---
0-10%, 0.0000, 0.1041, 0.3925, 0.1903, 0.0000, 0.0128, 0.2878, 0.0000, 0.0000, 0.0000, 0.0026, 0.0000, 0.0000, 0.0098
10-20%, 0.0000, 0.0322, 0.3545, 0.4038, 0.0000, 0.0039, 0.1880, 0.0014, 0.0000, 0.0021, 0.0121, 0.0000, 0.0000, 0.0020
20-30%, 0.0000, 0.0048, 0.3187, 0.5131, 0.0000, 0.0167, 0.1249, 0.0010, 0.0000, 0.0071, 0.0137, 0.0000, 0.0000, 0.0000
30-40%, 0.0000, 0.0058, 0.2435, 0.4643, 0.0000, 0.0000, 0.2565, 0.0108, 0.0000, 0.0093, 0.0089, 0.0000, 0.0000, 0.0010
40-50%, 0.0000, 0.0001, 0.0783, 0.6886, 0.0000, 0.0002, 0.2165, 0.0082, 0.0000, 0.0003, 0.0063, 0.0000, 0.0000, 0.0015
50-60%, 0.0000, 0.0012, 0.1898, 0.5341, 0.0000, 0.0202, 0.0628, 0.0150, 0.0000, 0.1677, 0.0047, 0.0000, 0.0000, 0.0045
60-70%, 0.0000, 0.0000, 0.0000, 0.0000, 0.0000, 0.0000, 0.0000, 0.0000, 0.0000, 1.0000, 0.0000, 0.0000, 0.0000, 0.0000

--- Gamma contributions ---
0-10%, 0.3044, 0.0251, 0.0109, 0.2182, 0.0774, 0.0773, 0.0653, 0.0099, 0.2069, 0.0014, 0.0001, 0.0000, 0.0000, 0.0032
10-20%, 0.0010, 0.0993, 0.7242, 0.0028, 0.0004, 0.0127, 0.0777, 0.0236, 0.0035, 0.0095, 0.0432, 0.0000, 0.0000, 0.0021
20-30%, 0.0000, 0.0075, 0.2483, 0.6051, 0.0067, 0.0627, 0.0238, 0.0004, 0.0044, 0.0005, 0.0041, 0.0018, 0.0000, 0.0347
30-40%, 0.0098, 0.0027, 0.0719, 0.3562, 0.0100, 0.1672, 0.2658, 0.0000, 0.0002, 0.1078, 0.0078, 0.0000, 0.0000, 0.0006
40-50%, 0.0225, 0.0003, 0.0047, 0.2399, 0.0010, 0.0165, 0.0327, 0.0004, 0.0193, 0.6548, 0.0018, 0.0000, 0.0000, 0.0061
50-60%, 0.0253, 0.0000, 0.1623, 0.1791, 0.0030, 0.0391, 0.0457, 0.4153, 0.0028, 0.0521, 0.0008, 0.0000, 0.0000, 0.0744
60-70%, 0.0000, 0.0000, 0.0000, 0.0000, 0.0000, 0.0000, 0.0000, 0.0000, 0.0000, 1.0000, 0.0000, 0.0000, 0.0000, 0.0000

=== Pair Type: SS ===
Centrality, ChiMax2, LambdaCPA, LambdaDCABetwDaughters, LambdaDaughtersDCA, LambdaDaughtersNClus, LambdaDaughtersNSigma, LambdaRatioCrossFind, NSigmaRMS, Nhits80, PileUp, ProtonDCA, RatioToLambdaLambda, TrackDCA, Vz
--- Delta contributions ---
0-10%, 0.0010, 0.1103, 0.3430, 0.1897, 0.0056, 0.0346, 0.2940, 0.0003, 0.0000, 0.0055, 0.0053, 0.0089, 0.0000, 0.0018
10-20%, 0.0000, 0.1672, 0.2282, 0.3734, 0.0000, 0.0277, 0.1943, 0.0001, 0.0000, 0.0002, 0.0063, 0.0000, 0.0000, 0.0025
20-30%, 0.0000, 0.0272, 0.1691, 0.6657, 0.0000, 0.0038, 0.1198, 0.0008, 0.0000, 0.0001, 0.0133, 0.0000, 0.0000, 0.0004
30-40%, 0.0000, 0.0377, 0.2231, 0.5113, 0.0000, 0.0106, 0.1863, 0.0003, 0.0000, 0.0177, 0.0117, 0.0000, 0.0000, 0.0012
40-50%, 0.0000, 0.0959, 0.0864, 0.3837, 0.0000, 0.0285, 0.2968, 0.0079, 0.0000, 0.0815, 0.0157, 0.0000, 0.0000, 0.0036
50-60%, 0.0000, 0.0259, 0.0001, 0.0470, 0.0000, 0.0565, 0.0792, 0.0285, 0.0000, 0.7574, 0.0054, 0.0000, 0.0000, 0.0000
60-70%, 0.0000, 0.0002, 0.0000, 0.0000, 0.0000, 0.0003, 0.0001, 0.0001, 0.0000, 0.9992, 0.0001, 0.0000, 0.0000, 0.0000

--- Gamma contributions ---
0-10%, 0.2236, 0.0012, 0.2398, 0.0707, 0.0377, 0.0282, 0.0189, 0.0924, 0.2826, 0.0002, 0.0006, 0.0000, 0.0000, 0.0043
10-20%, 0.0004, 0.0938, 0.1639, 0.4581, 0.0136, 0.0041, 0.0599, 0.1382, 0.0373, 0.0209, 0.0048, 0.0000, 0.0000, 0.0049
20-30%, 0.0037, 0.0014, 0.2055, 0.5541, 0.0052, 0.0301, 0.0444, 0.0106, 0.0047, 0.0782, 0.0121, 0.0000, 0.0000, 0.0499
30-40%, 0.0071, 0.0780, 0.5257, 0.1510, 0.0003, 0.0007, 0.1827, 0.0095, 0.0152, 0.0177, 0.0083, 0.0000, 0.0000, 0.0038
40-50%, 0.0357, 0.0030, 0.0196, 0.6512, 0.0004, 0.0331, 0.0968, 0.0034, 0.0447, 0.0136, 0.0058, 0.0000, 0.0000, 0.0928
50-60%, 0.1441, 0.0334, 0.4612, 0.0013, 0.0094, 0.0079, 0.0061, 0.0853, 0.0176, 0.0040, 0.0015, 0.0000, 0.0000, 0.2281
60-70%, 0.0000, 0.0000, 0.0001, 0.0000, 0.0000, 0.0000, 0.0000, 0.0000, 0.0000, 0.9999, 0.0000, 0.0000, 0.0000, 0.0000


[SPt], [0.5]

=== Pair Type: Del ===
Centrality, ChiMax2, LambdaCPA, LambdaDCABetwDaughters, LambdaDaughtersDCA, LambdaDaughtersNClus, LambdaDaughtersNSigma, LambdaRatioCrossFind, NSigmaRMS, Nhits80, PileUp, ProtonDCA, RatioToLambdaLambda, TrackDCA, Vz
--- Delta contributions ---
0-10%, 0.0000, 0.1643, 0.2542, 0.0053, 0.0000, 0.0408, 0.0122, 0.0882, 0.1386, 0.0273, 0.0273, 0.0000, 0.0000, 0.2416
10-20%, 0.0000, 0.2630, 0.2244, 0.2561, 0.0000, 0.0601, 0.0025, 0.1007, 0.0000, 0.0371, 0.0009, 0.0000, 0.0000, 0.0551
20-30%, 0.0000, 0.2220, 0.1913, 0.0521, 0.0000, 0.0126, 0.1294, 0.0342, 0.0000, 0.3063, 0.0164, 0.0000, 0.0000, 0.0357
30-40%, 0.0000, 0.4645, 0.1877, 0.1118, 0.0000, 0.0411, 0.0212, 0.0050, 0.0000, 0.0897, 0.0002, 0.0000, 0.0000, 0.0787
40-50%, 0.0000, 0.0626, 0.1090, 0.4986, 0.0000, 0.0132, 0.0096, 0.0385, 0.0000, 0.1656, 0.0053, 0.0000, 0.0000, 0.0977
50-60%, 0.0000, 0.0713, 0.2644, 0.3015, 0.0000, 0.0231, 0.0001, 0.0392, 0.0000, 0.2390, 0.0000, 0.0000, 0.0000, 0.0615
60-70%, 0.0000, 0.0000, 0.0000, 0.0000, 0.0000, 0.0000, 0.0000, 0.0000, 0.0000, 1.0000, 0.0000, 0.0000, 0.0000, 0.0000

--- Gamma contributions ---
0-10%, 0.0093, 0.3468, 0.0272, 0.2149, 0.1649, 0.1275, 0.0000, 0.0336, 0.0007, 0.0111, 0.0156, 0.0000, 0.0000, 0.0484
10-20%, 0.0139, 0.0120, 0.0800, 0.5060, 0.0116, 0.0176, 0.0000, 0.0908, 0.1326, 0.0110, 0.0723, 0.0000, 0.0000, 0.0523
20-30%, 0.0252, 0.0091, 0.0079, 0.7644, 0.0003, 0.0046, 0.0000, 0.0643, 0.0335, 0.0532, 0.0012, 0.0000, 0.0000, 0.0364
30-40%, 0.0081, 0.2373, 0.1691, 0.0533, 0.0077, 0.4335, 0.0000, 0.0090, 0.0066, 0.0668, 0.0014, 0.0000, 0.0000, 0.0071
40-50%, 0.0120, 0.0061, 0.0519, 0.0280, 0.0044, 0.0233, 0.0000, 0.0020, 0.0018, 0.8588, 0.0009, 0.0000, 0.0000, 0.0109
50-60%, 0.0342, 0.0340, 0.0019, 0.3655, 0.0278, 0.1195, 0.0000, 0.0527, 0.0063, 0.1315, 0.0274, 0.0000, 0.0000, 0.1992
60-70%, 0.0000, 0.0000, 0.0000, 0.0001, 0.0000, 0.0000, 0.0000, 0.0000, 0.0000, 0.9998, 0.0000, 0.0000, 0.0000, 0.0000

=== Pair Type: OS ===
Centrality, ChiMax2, LambdaCPA, LambdaDCABetwDaughters, LambdaDaughtersDCA, LambdaDaughtersNClus, LambdaDaughtersNSigma, LambdaRatioCrossFind, NSigmaRMS, Nhits80, PileUp, ProtonDCA, RatioToLambdaLambda, TrackDCA, Vz
--- Delta contributions ---
0-10%, 0.0000, 0.1710, 0.4520, 0.1270, 0.0000, 0.0396, 0.1715, 0.0006, 0.0000, 0.0005, 0.0000, 0.0000, 0.0000, 0.0378
10-20%, 0.0000, 0.0126, 0.5232, 0.3376, 0.0000, 0.0016, 0.1102, 0.0040, 0.0000, 0.0006, 0.0102, 0.0000, 0.0000, 0.0000
20-30%, 0.0000, 0.0048, 0.4125, 0.4463, 0.0000, 0.0181, 0.0500, 0.0019, 0.0000, 0.0319, 0.0185, 0.0000, 0.0000, 0.0161
30-40%, 0.0000, 0.0148, 0.3046, 0.5290, 0.0000, 0.0004, 0.1236, 0.0064, 0.0000, 0.0000, 0.0179, 0.0000, 0.0000, 0.0034
40-50%, 0.0000, 0.0031, 0.1016, 0.7487, 0.0000, 0.0001, 0.1041, 0.0004, 0.0000, 0.0254, 0.0010, 0.0000, 0.0000, 0.0156
50-60%, 0.0000, 0.0041, 0.3772, 0.3956, 0.0000, 0.0002, 0.0215, 0.0341, 0.0000, 0.1162, 0.0026, 0.0000, 0.0000, 0.0485
60-70%, 0.0000, 0.0000, 0.0000, 0.0000, 0.0000, 0.0000, 0.0000, 0.0000, 0.0000, 1.0000, 0.0000, 0.0000, 0.0000, 0.0000

--- Gamma contributions ---
0-10%, 0.3609, 0.1086, 0.0062, 0.0231, 0.0871, 0.0002, 0.0000, 0.1005, 0.3113, 0.0019, 0.0003, 0.0000, 0.0000, 0.0000
10-20%, 0.0005, 0.0282, 0.2487, 0.4625, 0.0037, 0.0246, 0.0000, 0.0454, 0.0057, 0.0526, 0.0333, 0.0000, 0.0000, 0.0947
20-30%, 0.1122, 0.0016, 0.1858, 0.6405, 0.0012, 0.0008, 0.0000, 0.0000, 0.0473, 0.0002, 0.0060, 0.0000, 0.0000, 0.0045
30-40%, 0.0028, 0.0334, 0.0416, 0.1498, 0.0460, 0.4099, 0.0000, 0.1496, 0.0143, 0.1325, 0.0201, 0.0000, 0.0000, 0.0001
40-50%, 0.0144, 0.0057, 0.0178, 0.6103, 0.0000, 0.0567, 0.0000, 0.0045, 0.0242, 0.2481, 0.0005, 0.0000, 0.0000, 0.0177
50-60%, 0.0412, 0.0157, 0.3140, 0.0829, 0.0241, 0.2142, 0.0000, 0.2341, 0.0240, 0.0167, 0.0196, 0.0000, 0.0000, 0.0134
60-70%, 0.0000, 0.0000, 0.0000, 0.0000, 0.0000, 0.0000, 0.0000, 0.0000, 0.0000, 1.0000, 0.0000, 0.0000, 0.0000, 0.0000

=== Pair Type: SS ===
Centrality, ChiMax2, LambdaCPA, LambdaDCABetwDaughters, LambdaDaughtersDCA, LambdaDaughtersNClus, LambdaDaughtersNSigma, LambdaRatioCrossFind, NSigmaRMS, Nhits80, PileUp, ProtonDCA, RatioToLambdaLambda, TrackDCA, Vz
--- Delta contributions ---
0-10%, 0.0000, 0.1194, 0.3839, 0.1609, 0.0032, 0.0268, 0.2908, 0.0067, 0.0000, 0.0011, 0.0048, 0.0000, 0.0000, 0.0025
10-20%, 0.0000, 0.2768, 0.3159, 0.1278, 0.0000, 0.0552, 0.1471, 0.0249, 0.0000, 0.0128, 0.0111, 0.0000, 0.0000, 0.0284
20-30%, 0.0000, 0.0463, 0.2552, 0.5439, 0.0000, 0.0285, 0.1121, 0.0002, 0.0000, 0.0000, 0.0092, 0.0000, 0.0000, 0.0046
30-40%, 0.0000, 0.0866, 0.2256, 0.4672, 0.0000, 0.0048, 0.1643, 0.0102, 0.0000, 0.0057, 0.0188, 0.0000, 0.0000, 0.0168
40-50%, 0.0000, 0.1290, 0.0360, 0.5132, 0.0000, 0.0107, 0.1954, 0.0587, 0.0000, 0.0259, 0.0168, 0.0000, 0.0000, 0.0142
50-60%, 0.0000, 0.2944, 0.0265, 0.0493, 0.0000, 0.1200, 0.0813, 0.0244, 0.0000, 0.3500, 0.0080, 0.0000, 0.0000, 0.0462
60-70%, 0.0000, 0.0002, 0.0000, 0.0004, 0.0000, 0.0006, 0.0001, 0.0001, 0.0000, 0.9984, 0.0002, 0.0000, 0.0000, 0.0000

--- Gamma contributions ---
0-10%, 0.2534, 0.0739, 0.0612, 0.1034, 0.0143, 0.1241, 0.0000, 0.0170, 0.2842, 0.0041, 0.0123, 0.0000, 0.0000, 0.0521
10-20%, 0.0143, 0.0866, 0.0224, 0.0338, 0.0351, 0.0000, 0.0000, 0.3209, 0.1294, 0.0097, 0.0202, 0.0000, 0.0000, 0.3277
20-30%, 0.0175, 0.0444, 0.1355, 0.2811, 0.0049, 0.0223, 0.0000, 0.1825, 0.0026, 0.1422, 0.0012, 0.0000, 0.0000, 0.1658
30-40%, 0.0095, 0.4353, 0.2415, 0.0069, 0.0144, 0.1394, 0.0000, 0.1119, 0.0001, 0.0000, 0.0137, 0.0000, 0.0000, 0.0274
40-50%, 0.0698, 0.0001, 0.0161, 0.4354, 0.0076, 0.0062, 0.0000, 0.0164, 0.0494, 0.3211, 0.0036, 0.0000, 0.0000, 0.0743
50-60%, 0.1049, 0.0774, 0.0759, 0.2583, 0.0093, 0.0140, 0.0000, 0.0005, 0.0316, 0.2298, 0.0108, 0.0014, 0.0000, 0.1860
60-70%, 0.0000, 0.0000, 0.0001, 0.0001, 0.0000, 0.0000, 0.0000, 0.0000, 0.0000, 0.9997, 0.0000, 0.0000, 0.0000, 0.0000


[SPt], [1.5]

=== Pair Type: Del ===
Centrality, ChiMax2, LambdaCPA, LambdaDCABetwDaughters, LambdaDaughtersDCA, LambdaDaughtersNClus, LambdaDaughtersNSigma, LambdaRatioCrossFind, NSigmaRMS, Nhits80, PileUp, ProtonDCA, RatioToLambdaLambda, TrackDCA, Vz
--- Delta contributions ---
0-10%, 0.0000, 0.0305, 0.0002, 0.1294, 0.0223, 0.3515, 0.0033, 0.0229, 0.0192, 0.0919, 0.0014, 0.3253, 0.0000, 0.0021
10-20%, 0.0000, 0.0990, 0.1245, 0.0302, 0.1038, 0.0020, 0.0051, 0.1501, 0.0004, 0.0022, 0.0176, 0.4608, 0.0000, 0.0043
20-30%, 0.0000, 0.0165, 0.0330, 0.2753, 0.0480, 0.1013, 0.0029, 0.0144, 0.0007, 0.0000, 0.0125, 0.4914, 0.0000, 0.0040
30-40%, 0.0000, 0.0126, 0.0445, 0.0808, 0.0059, 0.0722, 0.0001, 0.0076, 0.0032, 0.3130, 0.0085, 0.4289, 0.0000, 0.0226
40-50%, 0.0000, 0.0281, 0.0000, 0.3660, 0.0000, 0.0332, 0.0002, 0.0002, 0.0001, 0.3073, 0.0003, 0.2592, 0.0000, 0.0054
50-60%, 0.0000, 0.0003, 0.0002, 0.3183, 0.0068, 0.0312, 0.0004, 0.0137, 0.0009, 0.4350, 0.0001, 0.1064, 0.0000, 0.0867
60-70%, 0.0000, 0.0000, 0.0000, 0.0000, 0.0000, 0.0000, 0.0000, 0.0000, 0.0000, 1.0000, 0.0000, 0.0000, 0.0000, 0.0000

--- Gamma contributions ---
0-10%, 0.0724, 0.1314, 0.0355, 0.0469, 0.0773, 0.3346, 0.0303, 0.0877, 0.0665, 0.0178, 0.0462, 0.0000, 0.0000, 0.0533
10-20%, 0.2092, 0.0171, 0.0621, 0.0260, 0.0153, 0.1271, 0.1131, 0.1893, 0.0249, 0.0097, 0.0035, 0.0000, 0.0000, 0.2025
20-30%, 0.0426, 0.0061, 0.0090, 0.3957, 0.0441, 0.2987, 0.0006, 0.0069, 0.0805, 0.0712, 0.0036, 0.0000, 0.0000, 0.0409
30-40%, 0.0000, 0.0787, 0.0107, 0.4323, 0.0149, 0.0015, 0.0512, 0.0525, 0.0003, 0.3259, 0.0002, 0.0000, 0.0000, 0.0316
40-50%, 0.0123, 0.0025, 0.0588, 0.0002, 0.0290, 0.0386, 0.0168, 0.0039, 0.0006, 0.7683, 0.0148, 0.0000, 0.0000, 0.0542
50-60%, 0.0313, 0.0068, 0.2828, 0.0796, 0.0015, 0.1329, 0.0428, 0.0027, 0.0290, 0.3154, 0.0261, 0.0000, 0.0000, 0.0490
60-70%, 0.0000, 0.0000, 0.0000, 0.0000, 0.0000, 0.0000, 0.0000, 0.0000, 0.0000, 0.9999, 0.0000, 0.0000, 0.0000, 0.0000

=== Pair Type: OS ===
Centrality, ChiMax2, LambdaCPA, LambdaDCABetwDaughters, LambdaDaughtersDCA, LambdaDaughtersNClus, LambdaDaughtersNSigma, LambdaRatioCrossFind, NSigmaRMS, Nhits80, PileUp, ProtonDCA, RatioToLambdaLambda, TrackDCA, Vz
--- Delta contributions ---
0-10%, 0.0000, 0.0824, 0.3603, 0.2403, 0.0147, 0.0028, 0.2874, 0.0001, 0.0001, 0.0001, 0.0058, 0.0045, 0.0000, 0.0015
10-20%, 0.0000, 0.0556, 0.2556, 0.4646, 0.0083, 0.0096, 0.1825, 0.0024, 0.0006, 0.0010, 0.0107, 0.0075, 0.0000, 0.0017
20-30%, 0.0000, 0.0098, 0.2559, 0.5374, 0.0039, 0.0116, 0.1466, 0.0037, 0.0005, 0.0004, 0.0110, 0.0137, 0.0000, 0.0055
30-40%, 0.0000, 0.0078, 0.2192, 0.4449, 0.0000, 0.0000, 0.2807, 0.0042, 0.0004, 0.0120, 0.0038, 0.0246, 0.0000, 0.0025
40-50%, 0.0000, 0.0013, 0.0698, 0.6498, 0.0004, 0.0000, 0.2037, 0.0038, 0.0017, 0.0118, 0.0090, 0.0450, 0.0000, 0.0036
50-60%, 0.0000, 0.0031, 0.0275, 0.6102, 0.0151, 0.0367, 0.0596, 0.0038, 0.0004, 0.0499, 0.0010, 0.0639, 0.0000, 0.1289
60-70%, 0.0000, 0.0000, 0.0000, 0.0000, 0.0000, 0.0000, 0.0000, 0.0000, 0.0000, 1.0000, 0.0000, 0.0000, 0.0000, 0.0000

--- Gamma contributions ---
0-10%, 0.1017, 0.0211, 0.0011, 0.4237, 0.0242, 0.1942, 0.0879, 0.0485, 0.0865, 0.0086, 0.0004, 0.0000, 0.0000, 0.0022
10-20%, 0.0026, 0.0162, 0.3391, 0.5077, 0.0036, 0.0000, 0.0387, 0.0036, 0.0001, 0.0350, 0.0000, 0.0000, 0.0000, 0.0533
20-30%, 0.0427, 0.0087, 0.1270, 0.4650, 0.0104, 0.1469, 0.0529, 0.0008, 0.0453, 0.0011, 0.0037, 0.0000, 0.0000, 0.0956
30-40%, 0.0115, 0.0240, 0.2053, 0.3588, 0.0008, 0.0245, 0.2246, 0.0395, 0.0103, 0.0907, 0.0010, 0.0000, 0.0000, 0.0091
40-50%, 0.0227, 0.0057, 0.0012, 0.0302, 0.0010, 0.0001, 0.1233, 0.0319, 0.0101, 0.7712, 0.0023, 0.0000, 0.0000, 0.0002
50-60%, 0.0005, 0.0233, 0.0010, 0.5294, 0.0043, 0.0146, 0.0223, 0.1789, 0.0362, 0.0519, 0.0184, 0.0000, 0.0000, 0.1192
60-70%, 0.0000, 0.0000, 0.0000, 0.0000, 0.0000, 0.0000, 0.0000, 0.0000, 0.0000, 1.0000, 0.0000, 0.0000, 0.0000, 0.0000

=== Pair Type: SS ===
Centrality, ChiMax2, LambdaCPA, LambdaDCABetwDaughters, LambdaDaughtersDCA, LambdaDaughtersNClus, LambdaDaughtersNSigma, LambdaRatioCrossFind, NSigmaRMS, Nhits80, PileUp, ProtonDCA, RatioToLambdaLambda, TrackDCA, Vz
--- Delta contributions ---
0-10%, 0.0003, 0.1106, 0.3592, 0.1501, 0.0063, 0.0464, 0.2996, 0.0027, 0.0009, 0.0057, 0.0074, 0.0081, 0.0000, 0.0026
10-20%, 0.0000, 0.1240, 0.1862, 0.4579, 0.0000, 0.0142, 0.1901, 0.0049, 0.0004, 0.0024, 0.0048, 0.0146, 0.0000, 0.0006
20-30%, 0.0000, 0.0171, 0.1432, 0.6746, 0.0005, 0.0003, 0.1245, 0.0001, 0.0009, 0.0003, 0.0169, 0.0198, 0.0000, 0.0018
30-40%, 0.0000, 0.0159, 0.2367, 0.4697, 0.0011, 0.0168, 0.1861, 0.0001, 0.0001, 0.0307, 0.0089, 0.0330, 0.0000, 0.0009
40-50%, 0.0000, 0.0596, 0.1043, 0.0797, 0.0010, 0.0492, 0.2962, 0.0086, 0.0017, 0.2740, 0.0091, 0.1163, 0.0000, 0.0001
50-60%, 0.0000, 0.0059, 0.0165, 0.0399, 0.0005, 0.0121, 0.0344, 0.0583, 0.0009, 0.7219, 0.0017, 0.0860, 0.0000, 0.0219
60-70%, 0.0000, 0.0003, 0.0004, 0.0003, 0.0000, 0.0001, 0.0001, 0.0000, 0.0000, 0.9984, 0.0000, 0.0003, 0.0000, 0.0000

--- Gamma contributions ---
0-10%, 0.0049, 0.0999, 0.1032, 0.3914, 0.0319, 0.0412, 0.0307, 0.0125, 0.0025, 0.0035, 0.1155, 0.0000, 0.0000, 0.1628
10-20%, 0.0207, 0.0313, 0.2047, 0.3771, 0.0000, 0.0211, 0.1086, 0.0157, 0.0030, 0.0486, 0.0009, 0.0000, 0.0000, 0.1681
20-30%, 0.0001, 0.0000, 0.0923, 0.8097, 0.0067, 0.0181, 0.0290, 0.0017, 0.0037, 0.0282, 0.0068, 0.0000, 0.0000, 0.0037
30-40%, 0.0266, 0.0029, 0.5998, 0.0495, 0.0066, 0.0369, 0.2233, 0.0039, 0.0285, 0.0171, 0.0036, 0.0000, 0.0000, 0.0015
40-50%, 0.0059, 0.0292, 0.0643, 0.0694, 0.0277, 0.0530, 0.4387, 0.1106, 0.0302, 0.0255, 0.0484, 0.0000, 0.0000, 0.0971
50-60%, 0.0309, 0.0039, 0.3935, 0.1761, 0.0005, 0.0815, 0.0065, 0.1367, 0.0000, 0.1583, 0.0019, 0.0000, 0.0000, 0.0102
60-70%, 0.0000, 0.0000, 0.0001, 0.0001, 0.0000, 0.0000, 0.0000, 0.0000, 0.0000, 0.9998, 0.0000, 0.0000, 0.0000, 0.0000


[SPt], [2.5]

=== Pair Type: Del ===
Centrality, ChiMax2, LambdaCPA, LambdaDCABetwDaughters, LambdaDaughtersDCA, LambdaDaughtersNClus, LambdaDaughtersNSigma, LambdaRatioCrossFind, NSigmaRMS, Nhits80, PileUp, ProtonDCA, RatioToLambdaLambda, TrackDCA, Vz
--- Delta contributions ---
0-10%, 0.0014, 0.0077, 0.0179, 0.2244, 0.0269, 0.0015, 0.0006, 0.5918, 0.0000, 0.0073, 0.0054, 0.0637, 0.0000, 0.0514
10-20%, 0.0055, 0.0031, 0.0049, 0.0521, 0.0020, 0.0426, 0.0006, 0.7258, 0.0029, 0.0496, 0.0064, 0.0385, 0.0000, 0.0659
20-30%, 0.0026, 0.0146, 0.0144, 0.0188, 0.0018, 0.0125, 0.0028, 0.7193, 0.0014, 0.0304, 0.0131, 0.0565, 0.0000, 0.1119
30-40%, 0.0003, 0.0018, 0.0004, 0.0477, 0.0006, 0.0019, 0.0007, 0.7409, 0.0004, 0.0516, 0.0017, 0.0649, 0.0000, 0.0871
40-50%, 0.0004, 0.0018, 0.0049, 0.2667, 0.0000, 0.0007, 0.0008, 0.6327, 0.0001, 0.0360, 0.0004, 0.0416, 0.0000, 0.0139
50-60%, 0.0006, 0.0093, 0.0086, 0.0002, 0.0003, 0.0027, 0.0185, 0.7392, 0.0003, 0.1338, 0.0008, 0.0576, 0.0000, 0.0281
60-70%, 0.0000, 0.0000, 0.0000, 0.0000, 0.0000, 0.0000, 0.0000, 0.0001, 0.0000, 0.9998, 0.0000, 0.0000, 0.0000, 0.0000

--- Gamma contributions ---
0-10%, 0.0149, 0.0394, 0.0306, 0.4450, 0.0032, 0.0684, 0.0046, 0.1457, 0.1758, 0.0255, 0.0003, 0.0000, 0.0000, 0.0467
10-20%, 0.0032, 0.0510, 0.0007, 0.6373, 0.0001, 0.0002, 0.0065, 0.0612, 0.0179, 0.1887, 0.0330, 0.0000, 0.0000, 0.0002
20-30%, 0.0063, 0.0084, 0.3691, 0.0357, 0.0132, 0.0010, 0.0135, 0.0051, 0.0628, 0.3422, 0.0408, 0.0000, 0.0000, 0.1018
30-40%, 0.0243, 0.0066, 0.0115, 0.3110, 0.0012, 0.1011, 0.0073, 0.1980, 0.0357, 0.0375, 0.0002, 0.0000, 0.0000, 0.2657
40-50%, 0.0000, 0.0190, 0.0118, 0.7920, 0.0110, 0.0099, 0.0167, 0.0226, 0.0000, 0.0735, 0.0009, 0.0000, 0.0000, 0.0425
50-60%, 0.0026, 0.0015, 0.0001, 0.7393, 0.0020, 0.0196, 0.0253, 0.1224, 0.0145, 0.0096, 0.0093, 0.0000, 0.0000, 0.0539
60-70%, 0.0000, 0.0000, 0.0000, 0.0001, 0.0000, 0.0000, 0.0000, 0.0000, 0.0000, 0.9998, 0.0000, 0.0000, 0.0000, 0.0000

=== Pair Type: OS ===
Centrality, ChiMax2, LambdaCPA, LambdaDCABetwDaughters, LambdaDaughtersDCA, LambdaDaughtersNClus, LambdaDaughtersNSigma, LambdaRatioCrossFind, NSigmaRMS, Nhits80, PileUp, ProtonDCA, RatioToLambdaLambda, TrackDCA, Vz
--- Delta contributions ---
0-10%, 0.0001, 0.0319, 0.0901, 0.2716, 0.0003, 0.0099, 0.4488, 0.1164, 0.0073, 0.0057, 0.0081, 0.0046, 0.0000, 0.0053
10-20%, 0.0068, 0.0079, 0.0676, 0.0999, 0.0004, 0.0042, 0.2752, 0.4340, 0.0013, 0.0373, 0.0122, 0.0098, 0.0000, 0.0433
20-30%, 0.0017, 0.0111, 0.0758, 0.4091, 0.0010, 0.0456, 0.2199, 0.1952, 0.0022, 0.0084, 0.0000, 0.0117, 0.0000, 0.0183
30-40%, 0.0001, 0.0005, 0.0249, 0.0942, 0.0036, 0.0011, 0.2106, 0.5085, 0.0000, 0.0710, 0.0002, 0.0152, 0.0000, 0.0702
40-50%, 0.0000, 0.0099, 0.0011, 0.0120, 0.0011, 0.0000, 0.1178, 0.8230, 0.0001, 0.0008, 0.0072, 0.0249, 0.0000, 0.0020
50-60%, 0.0018, 0.0049, 0.0054, 0.0749, 0.0040, 0.0077, 0.0044, 0.8029, 0.0000, 0.0526, 0.0146, 0.0268, 0.0000, 0.0000
60-70%, 0.0000, 0.0000, 0.0000, 0.0000, 0.0000, 0.0000, 0.0000, 0.0000, 0.0000, 1.0000, 0.0000, 0.0000, 0.0000, 0.0000

--- Gamma contributions ---
0-10%, 0.0767, 0.0134, 0.0256, 0.0004, 0.0004, 0.0945, 0.2334, 0.0011, 0.3950, 0.1423, 0.0065, 0.0000, 0.0000, 0.0104
10-20%, 0.0084, 0.2698, 0.0560, 0.0971, 0.0275, 0.0033, 0.1093, 0.1265, 0.0211, 0.1721, 0.1059, 0.0000, 0.0000, 0.0031
20-30%, 0.0025, 0.0001, 0.5030, 0.1046, 0.0044, 0.0027, 0.0326, 0.0157, 0.0107, 0.2144, 0.0117, 0.0000, 0.0000, 0.0976
30-40%, 0.0052, 0.0499, 0.0010, 0.1327, 0.0000, 0.1327, 0.2788, 0.0025, 0.0243, 0.2208, 0.0072, 0.0000, 0.0000, 0.1448
40-50%, 0.0043, 0.0068, 0.0170, 0.1471, 0.0170, 0.0124, 0.0091, 0.0008, 0.0019, 0.6768, 0.1020, 0.0000, 0.0000, 0.0047
50-60%, 0.0289, 0.0030, 0.0518, 0.8102, 0.0007, 0.0225, 0.0088, 0.0062, 0.0063, 0.0210, 0.0285, 0.0000, 0.0000, 0.0120
60-70%, 0.0000, 0.0000, 0.0000, 0.0002, 0.0000, 0.0000, 0.0000, 0.0000, 0.0000, 0.9998, 0.0000, 0.0000, 0.0000, 0.0000

=== Pair Type: SS ===
Centrality, ChiMax2, LambdaCPA, LambdaDCABetwDaughters, LambdaDaughtersDCA, LambdaDaughtersNClus, LambdaDaughtersNSigma, LambdaRatioCrossFind, NSigmaRMS, Nhits80, PileUp, ProtonDCA, RatioToLambdaLambda, TrackDCA, Vz
--- Delta contributions ---
0-10%, 0.0008, 0.0395, 0.1067, 0.4861, 0.0106, 0.0040, 0.3084, 0.0157, 0.0049, 0.0122, 0.0013, 0.0061, 0.0000, 0.0037
10-20%, 0.0000, 0.0007, 0.0374, 0.3953, 0.0012, 0.0357, 0.3570, 0.1273, 0.0113, 0.0050, 0.0004, 0.0194, 0.0000, 0.0094
20-30%, 0.0002, 0.0005, 0.0173, 0.5075, 0.0002, 0.0070, 0.1387, 0.1848, 0.0062, 0.0641, 0.0134, 0.0181, 0.0000, 0.0419
30-40%, 0.0013, 0.0012, 0.0287, 0.4904, 0.0017, 0.0005, 0.2852, 0.1288, 0.0005, 0.0000, 0.0056, 0.0466, 0.0000, 0.0095
40-50%, 0.0013, 0.0004, 0.0199, 0.5249, 0.0008, 0.0017, 0.0694, 0.2064, 0.0000, 0.1075, 0.0121, 0.0336, 0.0000, 0.0220
50-60%, 0.0000, 0.0096, 0.0704, 0.0944, 0.0119, 0.0416, 0.1149, 0.3009, 0.0008, 0.1740, 0.0083, 0.0664, 0.0000, 0.1068
60-70%, 0.0000, 0.0002, 0.0004, 0.0010, 0.0001, 0.0000, 0.0003, 0.0094, 0.0000, 0.9881, 0.0001, 0.0004, 0.0000, 0.0000

--- Gamma contributions ---
0-10%, 0.0004, 0.0849, 0.0841, 0.5530, 0.0027, 0.0143, 0.0402, 0.1706, 0.0130, 0.0013, 0.0007, 0.0000, 0.0000, 0.0346
10-20%, 0.0002, 0.0015, 0.0360, 0.7279, 0.0150, 0.0033, 0.1032, 0.0093, 0.0068, 0.0930, 0.0008, 0.0000, 0.0000, 0.0029
20-30%, 0.0069, 0.0286, 0.0168, 0.0141, 0.1125, 0.0212, 0.2647, 0.1146, 0.1202, 0.2167, 0.0578, 0.0000, 0.0000, 0.0260
30-40%, 0.0066, 0.0617, 0.0049, 0.6115, 0.0007, 0.0000, 0.1159, 0.1261, 0.0020, 0.0396, 0.0062, 0.0000, 0.0000, 0.0247
40-50%, 0.0008, 0.0045, 0.0007, 0.6454, 0.0006, 0.0138, 0.0176, 0.0096, 0.0002, 0.2804, 0.0114, 0.0000, 0.0000, 0.0150
50-60%, 0.0265, 0.0229, 0.1061, 0.0417, 0.0017, 0.0008, 0.0216, 0.2648, 0.0098, 0.1556, 0.0062, 0.0000, 0.0000, 0.3422
60-70%, 0.0000, 0.0000, 0.0001, 0.0004, 0.0000, 0.0001, 0.0001, 0.0004, 0.0002, 0.9985, 0.0000, 0.0000, 0.0000, 0.0001


