[Intg], [0.5]

=== Pair Type: Del ===
Centrality, ChiMax2, LambdaCPA, LambdaDCABetwDaughters, LambdaDaughtersDCA, LambdaDaughtersNClus, LambdaDaughtersNSigma, LambdaRatioCrossFind, Nhits80, PileUp, TrackDCA, Vz
--- Delta contributions ---
0-10%, 0.0146, 0.1558, 0.0600, 0.0258, 0.1435, 0.1134, 0.4298, 0.0004, 0.0091, 0.0102, 0.0373
10-20%, 0.0131, 0.0687, 0.0104, 0.0275, 0.5769, 0.0160, 0.1077, 0.0004, 0.0424, 0.1119, 0.0251
20-30%, 0.0091, 0.0023, 0.0200, 0.0884, 0.0269, 0.0002, 0.0001, 0.0040, 0.0024, 0.8414, 0.0052
30-40%, 0.0021, 0.0800, 0.0121, 0.0549, 0.0027, 0.0005, 0.0040, 0.0125, 0.0092, 0.8191, 0.0030
40-50%, 0.0007, 0.0540, 0.0003, 0.0675, 0.0046, 0.0052, 0.0169, 0.0046, 0.0201, 0.8247, 0.0014
50-60%, 0.0027, 0.0000, 0.0081, 0.0551, 0.0000, 0.0128, 0.0000, 0.0031, 0.0543, 0.8541, 0.0097
60-70%, 0.0109, 0.0019, 0.0848, 0.0233, 0.0033, 0.0049, 0.0000, 0.0002, 0.0183, 0.8454, 0.0068

--- Gamma contributions ---
0-10%, 0.0245, 0.0997, 0.1775, 0.4295, 0.0136, 0.0453, 0.0412, 0.0962, 0.0494, 0.0168, 0.0063
10-20%, 0.1587, 0.0020, 0.1403, 0.4130, 0.0032, 0.0001, 0.1021, 0.1338, 0.0032, 0.0198, 0.0239
20-30%, 0.1981, 0.0011, 0.0497, 0.3585, 0.0469, 0.0228, 0.0209, 0.0926, 0.0760, 0.0182, 0.1152
30-40%, 0.0095, 0.0263, 0.2056, 0.0991, 0.0037, 0.0589, 0.0120, 0.1593, 0.4209, 0.0039, 0.0008
40-50%, 0.0292, 0.0109, 0.0014, 0.5969, 0.0233, 0.0014, 0.0000, 0.0301, 0.1959, 0.0697, 0.0412
50-60%, 0.0014, 0.1113, 0.0069, 0.2434, 0.0232, 0.1097, 0.0333, 0.0124, 0.3193, 0.1336, 0.0055
60-70%, 0.1516, 0.0137, 0.0793, 0.0410, 0.0297, 0.0067, 0.2639, 0.0072, 0.3190, 0.0001, 0.0879

=== Pair Type: OS ===
Centrality, ChiMax2, LambdaCPA, LambdaDCABetwDaughters, LambdaDaughtersDCA, LambdaDaughtersNClus, LambdaDaughtersNSigma, LambdaRatioCrossFind, Nhits80, PileUp, TrackDCA, Vz
--- Delta contributions ---
0-10%, 0.0033, 0.1211, 0.1972, 0.0003, 0.0293, 0.0278, 0.5448, 0.0008, 0.0009, 0.0696, 0.0049
10-20%, 0.0016, 0.0360, 0.1002, 0.0982, 0.0007, 0.0027, 0.5166, 0.0007, 0.0001, 0.2406, 0.0027
20-30%, 0.0001, 0.0152, 0.0813, 0.1565, 0.0009, 0.0010, 0.4378, 0.0000, 0.0001, 0.3009, 0.0062
30-40%, 0.0000, 0.0278, 0.0977, 0.1863, 0.0004, 0.0029, 0.4325, 0.0000, 0.0076, 0.2387, 0.0060
40-50%, 0.0003, 0.0543, 0.1136, 0.2212, 0.0008, 0.0034, 0.4849, 0.0001, 0.0012, 0.1175, 0.0025
50-60%, 0.0021, 0.0588, 0.2495, 0.2761, 0.0036, 0.0444, 0.3368, 0.0016, 0.0059, 0.0023, 0.0189
60-70%, 0.0001, 0.0563, 0.1080, 0.2087, 0.0000, 0.0106, 0.0507, 0.0000, 0.5164, 0.0491, 0.0000

--- Gamma contributions ---
0-10%, 0.3640, 0.0440, 0.0063, 0.0204, 0.0247, 0.0542, 0.2209, 0.2432, 0.0002, 0.0019, 0.0203
10-20%, 0.1346, 0.0164, 0.1174, 0.0117, 0.0161, 0.0464, 0.3497, 0.0479, 0.0125, 0.2204, 0.0269
20-30%, 0.0370, 0.0114, 0.0397, 0.5867, 0.0164, 0.0046, 0.1350, 0.0250, 0.0252, 0.1021, 0.0169
30-40%, 0.0004, 0.0320, 0.0886, 0.6033, 0.0007, 0.0051, 0.1420, 0.0001, 0.0104, 0.1131, 0.0042
40-50%, 0.0009, 0.0001, 0.0057, 0.0613, 0.0698, 0.0090, 0.4041, 0.0005, 0.2906, 0.0710, 0.0871
50-60%, 0.0034, 0.0004, 0.0103, 0.0584, 0.0485, 0.0001, 0.0674, 0.0060, 0.7532, 0.0216, 0.0308
60-70%, 0.1225, 0.0113, 0.3030, 0.0716, 0.0205, 0.0003, 0.0042, 0.1034, 0.0873, 0.2685, 0.0074

=== Pair Type: SS ===
Centrality, ChiMax2, LambdaCPA, LambdaDCABetwDaughters, LambdaDaughtersDCA, LambdaDaughtersNClus, LambdaDaughtersNSigma, LambdaRatioCrossFind, Nhits80, PileUp, TrackDCA, Vz
--- Delta contributions ---
0-10%, 0.0009, 0.0918, 0.2327, 0.0066, 0.0066, 0.0082, 0.5040, 0.0008, 0.0055, 0.1425, 0.0004
10-20%, 0.0001, 0.0188, 0.1092, 0.0945, 0.0406, 0.0004, 0.5197, 0.0013, 0.0050, 0.2102, 0.0001
20-30%, 0.0002, 0.0163, 0.1268, 0.1400, 0.0000, 0.0011, 0.5528, 0.0004, 0.0004, 0.1570, 0.0051
30-40%, 0.0001, 0.0104, 0.1143, 0.1917, 0.0000, 0.0053, 0.5925, 0.0010, 0.0051, 0.0742, 0.0054
40-50%, 0.0000, 0.0156, 0.1774, 0.1557, 0.0001, 0.0145, 0.5740, 0.0012, 0.0194, 0.0409, 0.0012
50-60%, 0.0000, 0.0341, 0.1004, 0.0475, 0.0021, 0.0668, 0.2046, 0.0002, 0.0174, 0.5260, 0.0007
60-70%, 0.0037, 0.0210, 0.0028, 0.1858, 0.0014, 0.0009, 0.0263, 0.0000, 0.1910, 0.5642, 0.0028

--- Gamma contributions ---
0-10%, 0.4430, 0.1300, 0.0814, 0.0340, 0.0092, 0.0148, 0.1282, 0.1073, 0.0090, 0.0113, 0.0317
10-20%, 0.0154, 0.0315, 0.0130, 0.3511, 0.0342, 0.0627, 0.1902, 0.0004, 0.0283, 0.1839, 0.0892
20-30%, 0.0001, 0.0123, 0.0159, 0.3766, 0.0020, 0.0243, 0.2599, 0.0013, 0.1068, 0.2007, 0.0002
30-40%, 0.0004, 0.0188, 0.0222, 0.5823, 0.0000, 0.0350, 0.1513, 0.0253, 0.0260, 0.1311, 0.0076
40-50%, 0.0165, 0.0095, 0.0075, 0.7249, 0.0030, 0.0099, 0.2076, 0.0183, 0.0000, 0.0017, 0.0011
50-60%, 0.0111, 0.1939, 0.0431, 0.1435, 0.0009, 0.1848, 0.2428, 0.0480, 0.0267, 0.0981, 0.0071
60-70%, 0.3331, 0.0013, 0.0115, 0.1267, 0.0037, 0.0070, 0.1747, 0.0816, 0.0979, 0.1188, 0.0437


