[], []

=== Pair Type: Del ===
Centrality, 1DFit, LambdaCPA, LambdaDCABetwDaughters, LambdaDaughtersDCA, LambdaDaughtersNClus, LambdaDaughtersNSigma, LambdaRatioCrossFind, PileUp, Vz
--- Delta contributions ---
0-10%, 0.5046, 0.0273, 0.0585, 0.3388, 0.0173, 0.0384, 0.0039, 0.0079, 0.0033
10-20%, 0.3785, 0.0663, 0.2603, 0.1679, 0.0928, 0.0305, 0.0017, 0.0006, 0.0014
20-30%, 0.0149, 0.5220, 0.0211, 0.0411, 0.0534, 0.2952, 0.0002, 0.0176, 0.0345
30-40%, 0.0160, 0.0950, 0.0940, 0.3459, 0.0090, 0.0773, 0.0016, 0.3606, 0.0006
40-50%, 0.0034, 0.1258, 0.0333, 0.2648, 0.0039, 0.0659, 0.0039, 0.4939, 0.0052
50.0, 0.0104, 0.1085, 0.0560, 0.1860, 0.0033, 0.0736, 0.0007, 0.5575, 0.0039
50-60%, 0.0384, 0.0579, 0.0500, 0.1248, 0.0014, 0.0544, 0.0001, 0.6717, 0.0013
60-70%, 0.0000, 0.0000, 0.0000, 0.0000, 0.0000, 0.0000, 0.0000, 1.0000, 0.0000

--- Gamma contributions ---
0-10%, 0.0000, 0.0169, 0.5156, 0.3676, 0.0253, 0.0355, 0.0001, 0.0015, 0.0376
10-20%, 0.0000, 0.0252, 0.1097, 0.4283, 0.0277, 0.2211, 0.0658, 0.0302, 0.0920
20-30%, 0.0000, 0.0581, 0.0628, 0.0894, 0.0187, 0.4964, 0.0026, 0.2712, 0.0010
30-40%, 0.0000, 0.0665, 0.0015, 0.0756, 0.0077, 0.0087, 0.0184, 0.5766, 0.2449
40-50%, 0.1484, 0.0003, 0.0451, 0.2295, 0.0117, 0.0064, 0.0238, 0.5232, 0.0116
50.0, 0.0000, 0.0302, 0.0857, 0.0280, 0.0131, 0.0178, 0.0428, 0.7652, 0.0171
50-60%, 0.0000, 0.2747, 0.0662, 0.4573, 0.0003, 0.0003, 0.0447, 0.1560, 0.0005
60-70%, 0.0000, 0.0000, 0.0000, 0.0000, 0.0000, 0.0000, 0.0000, 1.0000, 0.0000

=== Pair Type: OS ===
Centrality, 1DFit, LambdaCPA, LambdaDCABetwDaughters, LambdaDaughtersDCA, LambdaDaughtersNClus, LambdaDaughtersNSigma, LambdaRatioCrossFind, PileUp, Vz
--- Delta contributions ---
0-10%, 0.1139, 0.1970, 0.1658, 0.2205, 0.0353, 0.0443, 0.1944, 0.0283, 0.0006
10-20%, 0.0168, 0.1919, 0.3170, 0.0073, 0.0321, 0.0268, 0.3855, 0.0001, 0.0224
20-30%, 0.1787, 0.1556, 0.0867, 0.1430, 0.0000, 0.1246, 0.2798, 0.0042, 0.0274
30-40%, 0.0166, 0.1043, 0.2740, 0.0690, 0.0016, 0.0350, 0.2556, 0.2391, 0.0047
40-50%, 0.0771, 0.1778, 0.0044, 0.1402, 0.0011, 0.0662, 0.0630, 0.4518, 0.0184
50.0, 0.0430, 0.1460, 0.0607, 0.1575, 0.0021, 0.0819, 0.0560, 0.4269, 0.0258
50-60%, 0.0272, 0.0670, 0.1015, 0.1766, 0.0015, 0.0680, 0.0173, 0.5241, 0.0167
60-70%, 0.0000, 0.0000, 0.0000, 0.0000, 0.0000, 0.0000, 0.0000, 1.0000, 0.0000

--- Gamma contributions ---
0-10%, 0.4584, 0.0000, 0.1560, 0.1788, 0.1192, 0.0078, 0.0364, 0.0242, 0.0192
10-20%, 0.0000, 0.0003, 0.0831, 0.4954, 0.0190, 0.1742, 0.1677, 0.0596, 0.0008
20-30%, 0.0000, 0.1475, 0.0058, 0.2966, 0.0434, 0.2089, 0.2317, 0.0316, 0.0346
30-40%, 0.0000, 0.0457, 0.0449, 0.1556, 0.0001, 0.0650, 0.2185, 0.4093, 0.0609
40-50%, 0.0000, 0.1323, 0.0006, 0.1568, 0.0046, 0.0034, 0.1262, 0.5248, 0.0514
50.0, 0.0000, 0.0250, 0.0187, 0.5528, 0.0026, 0.0163, 0.1624, 0.1932, 0.0291
50-60%, 0.1220, 0.0081, 0.0385, 0.6612, 0.0000, 0.0150, 0.0471, 0.1070, 0.0012
60-70%, 0.0000, 0.0000, 0.0000, 0.0000, 0.0000, 0.0000, 0.0000, 1.0000, 0.0000

=== Pair Type: SS ===
Centrality, 1DFit, LambdaCPA, LambdaDCABetwDaughters, LambdaDaughtersDCA, LambdaDaughtersNClus, LambdaDaughtersNSigma, LambdaRatioCrossFind, PileUp, Vz
--- Delta contributions ---
0-10%, 0.5415, 0.0239, 0.0001, 0.1858, 0.0006, 0.0097, 0.2342, 0.0004, 0.0039
10-20%, 0.3309, 0.0056, 0.0104, 0.2750, 0.0362, 0.0035, 0.3102, 0.0012, 0.0271
20-30%, 0.3550, 0.1203, 0.0277, 0.0385, 0.0600, 0.0396, 0.3534, 0.0052, 0.0004
30-40%, 0.1028, 0.0246, 0.0018, 0.4162, 0.0113, 0.0593, 0.1873, 0.1959, 0.0010
40-50%, 0.0024, 0.0901, 0.0506, 0.2993, 0.0053, 0.0575, 0.0424, 0.4510, 0.0014
50.0, 0.0028, 0.0874, 0.0505, 0.1870, 0.0037, 0.0656, 0.0200, 0.5827, 0.0003
50-60%, 0.0425, 0.0527, 0.0327, 0.1027, 0.0014, 0.0478, 0.0015, 0.7188, 0.0000
60-70%, 0.0000, 0.0000, 0.0000, 0.0000, 0.0000, 0.0000, 0.0000, 1.0000, 0.0000

--- Gamma contributions ---
0-10%, 0.0000, 0.0157, 0.1900, 0.7417, 0.0051, 0.0155, 0.0186, 0.0042, 0.0094
10-20%, 0.2417, 0.0510, 0.0287, 0.0300, 0.0088, 0.0533, 0.0087, 0.3196, 0.2582
20-30%, 0.0000, 0.0092, 0.0325, 0.5875, 0.0021, 0.0880, 0.1353, 0.1282, 0.0171
30-40%, 0.0000, 0.0109, 0.0987, 0.0085, 0.0181, 0.0322, 0.5841, 0.0871, 0.1604
40-50%, 0.1041, 0.0374, 0.0671, 0.6149, 0.0072, 0.0034, 0.0010, 0.1648, 0.0001
50.0, 0.0834, 0.0789, 0.0403, 0.4489, 0.0064, 0.0023, 0.0042, 0.3353, 0.0002
50-60%, 0.0000, 0.1465, 0.0001, 0.1740, 0.0004, 0.0203, 0.0067, 0.6476, 0.0045
60-70%, 0.0000, 0.0000, 0.0000, 0.0000, 0.0000, 0.0000, 0.0000, 1.0000, 0.0000


