[], []

=== Pair Type: Del ===
Centrality, 1DFit, ChiMax2, LambdaCPA, LambdaDCABetwDaughters, LambdaDaughtersDCA, LambdaDaughtersNClus, LambdaDaughtersNSigma, LambdaRatioCrossFind, Nhits80, PileUp, Vz
--- Delta contributions ---
0-10%, 0.9093, 0.0000, 0.0019, 0.0472, 0.0202, 0.0077, 0.0028, 0.0056, 0.0000, 0.0001, 0.0052
10-20%, 0.6525, 0.0000, 0.0001, 0.1927, 0.0248, 0.0581, 0.0012, 0.0017, 0.0000, 0.0674, 0.0015
20-30%, 0.0934, 0.0000, 0.1340, 0.0001, 0.5767, 0.0116, 0.0418, 0.0003, 0.0000, 0.1165, 0.0256
30-40%, 0.6303, 0.0000, 0.0021, 0.0382, 0.0397, 0.0001, 0.0112, 0.0017, 0.0000, 0.2755, 0.0013
40-50%, 0.3965, 0.0000, 0.0069, 0.0015, 0.0757, 0.0001, 0.0200, 0.0092, 0.0000, 0.4870, 0.0032
50-60%, 0.3766, 0.0000, 0.0136, 0.0430, 0.0490, 0.0001, 0.0037, 0.0001, 0.0000, 0.5121, 0.0017
60-70%, 0.0001, 0.0000, 0.0000, 0.0000, 0.0000, 0.0000, 0.0000, 0.0000, 0.0000, 0.9999, 0.0000

--- Gamma contributions ---
0-10%, 0.0579, 0.0078, 0.0059, 0.4606, 0.2972, 0.0305, 0.0379, 0.0001, 0.0643, 0.0004, 0.0376
10-20%, 0.0251, 0.0265, 0.0172, 0.0731, 0.4621, 0.0192, 0.1696, 0.0604, 0.0318, 0.0319, 0.0832
20-30%, 0.0064, 0.1022, 0.0415, 0.0506, 0.0847, 0.0153, 0.4041, 0.0037, 0.0886, 0.2023, 0.0006
30-40%, 0.0683, 0.0019, 0.0286, 0.0580, 0.0700, 0.0004, 0.2161, 0.0279, 0.0005, 0.0198, 0.5086
40-50%, 0.0615, 0.0106, 0.1454, 0.1306, 0.2309, 0.0522, 0.0289, 0.0763, 0.0060, 0.2023, 0.0553
50-60%, 0.0861, 0.0865, 0.3185, 0.1034, 0.2448, 0.0000, 0.0261, 0.0711, 0.0024, 0.0287, 0.0325
60-70%, 0.0000, 0.0000, 0.0000, 0.0000, 0.0001, 0.0000, 0.0000, 0.0000, 0.0000, 0.9999, 0.0000

=== Pair Type: OS ===
Centrality, 1DFit, ChiMax2, LambdaCPA, LambdaDCABetwDaughters, LambdaDaughtersDCA, LambdaDaughtersNClus, LambdaDaughtersNSigma, LambdaRatioCrossFind, Nhits80, PileUp, Vz
--- Delta contributions ---
0-10%, 0.2624, 0.0000, 0.0722, 0.2339, 0.0021, 0.0295, 0.0037, 0.3795, 0.0000, 0.0148, 0.0019
10-20%, 0.0312, 0.0000, 0.0596, 0.2471, 0.2047, 0.0135, 0.0002, 0.4001, 0.0000, 0.0194, 0.0242
20-30%, 0.1238, 0.0000, 0.0704, 0.0600, 0.3939, 0.0012, 0.0507, 0.2473, 0.0000, 0.0243, 0.0284
30-40%, 0.0003, 0.0000, 0.0744, 0.4591, 0.0312, 0.0008, 0.0008, 0.4210, 0.0000, 0.0042, 0.0083
40-50%, 0.1096, 0.0000, 0.0219, 0.0021, 0.2275, 0.0000, 0.0197, 0.0160, 0.0000, 0.5828, 0.0203
50-60%, 0.2587, 0.0000, 0.0000, 0.0708, 0.0714, 0.0012, 0.0068, 0.0027, 0.0000, 0.5807, 0.0078
60-70%, 0.0000, 0.0000, 0.0000, 0.0000, 0.0000, 0.0000, 0.0000, 0.0000, 0.0000, 1.0000, 0.0000

--- Gamma contributions ---
0-10%, 0.4923, 0.0002, 0.0062, 0.1768, 0.0424, 0.1561, 0.0189, 0.0510, 0.0163, 0.0149, 0.0248
10-20%, 0.0360, 0.0129, 0.0000, 0.0695, 0.5195, 0.0161, 0.1436, 0.1536, 0.0026, 0.0456, 0.0005
20-30%, 0.0463, 0.0324, 0.1602, 0.0062, 0.2782, 0.0374, 0.1613, 0.2076, 0.0289, 0.0074, 0.0341
30-40%, 0.0390, 0.0007, 0.0356, 0.0606, 0.0117, 0.0025, 0.2712, 0.3709, 0.0070, 0.0527, 0.1481
40-50%, 0.0304, 0.0001, 0.1822, 0.0053, 0.2773, 0.0118, 0.0101, 0.1158, 0.0000, 0.3181, 0.0489
50-60%, 0.0602, 0.0025, 0.0000, 0.1032, 0.6080, 0.0005, 0.0193, 0.1551, 0.0083, 0.0428, 0.0001
60-70%, 0.0000, 0.0000, 0.0000, 0.0000, 0.0000, 0.0000, 0.0000, 0.0000, 0.0000, 1.0000, 0.0000

=== Pair Type: SS ===
Centrality, 1DFit, ChiMax2, LambdaCPA, LambdaDCABetwDaughters, LambdaDaughtersDCA, LambdaDaughtersNClus, LambdaDaughtersNSigma, LambdaRatioCrossFind, Nhits80, PileUp, Vz
--- Delta contributions ---
0-10%, 0.6423, 0.0001, 0.0537, 0.0039, 0.0405, 0.0001, 0.0005, 0.2511, 0.0000, 0.0046, 0.0033
10-20%, 0.4774, 0.0000, 0.0403, 0.0007, 0.0523, 0.0228, 0.0023, 0.3510, 0.0000, 0.0226, 0.0307
20-30%, 0.5027, 0.0000, 0.0207, 0.0692, 0.0481, 0.0250, 0.0000, 0.2822, 0.0000, 0.0521, 0.0001
30-40%, 0.5653, 0.0000, 0.0154, 0.0527, 0.0068, 0.0001, 0.0142, 0.1297, 0.0000, 0.2153, 0.0005
40-50%, 0.5252, 0.0000, 0.0022, 0.0056, 0.0268, 0.0002, 0.0175, 0.0369, 0.0000, 0.3854, 0.0002
50-60%, 0.4479, 0.0000, 0.0378, 0.0270, 0.0347, 0.0000, 0.0021, 0.0026, 0.0000, 0.4479, 0.0001
60-70%, 0.0035, 0.0000, 0.0006, 0.0003, 0.0004, 0.0000, 0.0002, 0.0000, 0.0000, 0.9951, 0.0000

--- Gamma contributions ---
0-10%, 0.0479, 0.0081, 0.0204, 0.2292, 0.5877, 0.0061, 0.0157, 0.0288, 0.0398, 0.0041, 0.0122
10-20%, 0.2160, 0.0148, 0.0431, 0.0134, 0.0501, 0.0047, 0.0409, 0.0050, 0.1126, 0.2744, 0.2250
20-30%, 0.0093, 0.0305, 0.0154, 0.0263, 0.5321, 0.0012, 0.0970, 0.0986, 0.0258, 0.1475, 0.0162
30-40%, 0.1612, 0.0004, 0.0000, 0.1777, 0.1111, 0.0035, 0.0002, 0.4141, 0.0022, 0.0028, 0.1267
40-50%, 0.0007, 0.0051, 0.0123, 0.1201, 0.7538, 0.0053, 0.0511, 0.0121, 0.0033, 0.0355, 0.0008
50-60%, 0.0010, 0.0804, 0.4417, 0.0011, 0.1760, 0.0007, 0.0001, 0.0369, 0.0036, 0.2182, 0.0403
60-70%, 0.0001, 0.0000, 0.0000, 0.0001, 0.0001, 0.0000, 0.0000, 0.0000, 0.0000, 0.9997, 0.0000


